   2.1995718e+01   2.2210018e+01   2.2466729e+01   2.2779044e+01   2.3165847e+01   2.3655001e+01   2.4289528e+01   2.5137991e+01   2.6315405e+01   2.8025125e+01
   2.1995718e+01   2.2210018e+01   2.2466729e+01   2.2779044e+01   2.3165847e+01   2.3655001e+01   2.4289528e+01   2.5137991e+01   2.6315405e+01   2.8025125e+01
   2.1995718e+01   2.2210018e+01   2.2466729e+01   2.2779044e+01   2.3165847e+01   2.3655001e+01   2.4289528e+01   2.5137991e+01   2.6315405e+01   2.8025125e+01
   2.1995718e+01   2.2210018e+01   2.2466729e+01   2.2779044e+01   2.3165847e+01   2.3655001e+01   2.4289528e+01   2.5137991e+01   2.6315405e+01   2.8025125e+01
   2.1995718e+01   2.2210018e+01   2.2466729e+01   2.2779044e+01   2.3165847e+01   2.3655001e+01   2.4289528e+01   2.5137991e+01   2.6315405e+01   2.8025125e+01
   2.1995718e+01   2.2210018e+01   2.2466729e+01   2.2779044e+01   2.3165847e+01   2.3655001e+01   2.4289528e+01   2.5137991e+01   2.6315405e+01   2.8025125e+01
   2.1995718e+01   2.2210018e+01   2.2466729e+01   2.2779044e+01   2.3165847e+01   2.3655001e+01   2.4289528e+01   2.5137991e+01   2.6315405e+01   2.8025125e+01
   2.1995718e+01   2.2210018e+01   2.2466729e+01   2.2779044e+01   2.3165847e+01   2.3655001e+01   2.4289528e+01   2.5137991e+01   2.6315405e+01   2.8025125e+01
   2.1995718e+01   2.2210018e+01   2.2466729e+01   2.2779044e+01   2.3165847e+01   2.3655001e+01   2.4289528e+01   2.5137991e+01   2.6315405e+01   2.8025125e+01
   2.1995718e+01   2.2210018e+01   2.2466729e+01   2.2779044e+01   2.3165847e+01   2.3655001e+01   2.4289528e+01   2.5137991e+01   2.6315405e+01   2.8025125e+01
   2.1995718e+01   2.2210018e+01   2.2466729e+01   2.2779044e+01   2.3165847e+01   2.3655001e+01   2.4289528e+01   2.5137991e+01   2.6315405e+01   2.8025125e+01
   2.1995718e+01   2.2210018e+01   2.2466729e+01   2.2779044e+01   2.3165847e+01   2.3655001e+01   2.4289528e+01   2.5137991e+01   2.6315405e+01   2.8025125e+01
   2.1995718e+01   2.2210018e+01   2.2466729e+01   2.2779044e+01   2.3165847e+01   2.3655001e+01   2.4289528e+01   2.5137991e+01   2.6315405e+01   2.8025125e+01
   2.1995718e+01   2.2210018e+01   2.2466729e+01   2.2779044e+01   2.3165847e+01   2.3655001e+01   2.4289528e+01   2.5137991e+01   2.6315405e+01   2.8025125e+01
   2.1995718e+01   2.2210018e+01   2.2466729e+01   2.2779044e+01   2.3165847e+01   2.3655001e+01   2.4289528e+01   2.5137991e+01   2.6315405e+01   2.8025125e+01
   2.1995718e+01   2.2210018e+01   2.2466729e+01   2.2779044e+01   2.3165847e+01   2.3655001e+01   2.4289528e+01   2.5137991e+01   2.6315405e+01   2.8025125e+01
   2.1995718e+01   2.2210018e+01   2.2466729e+01   2.2779044e+01   2.3165847e+01   2.3655001e+01   2.4289528e+01   2.5137991e+01   2.6315405e+01   2.8025125e+01
   2.1995718e+01   2.2210018e+01   2.2466729e+01   2.2779044e+01   2.3165847e+01   2.3655001e+01   2.4289528e+01   2.5137991e+01   2.6315405e+01   2.8025125e+01
   2.1995718e+01   2.2210018e+01   2.2466729e+01   2.2779044e+01   2.3165847e+01   2.3655001e+01   2.4289528e+01   2.5137991e+01   2.6315405e+01   2.8025125e+01
   2.1995718e+01   2.2210018e+01   2.2466729e+01   2.2779044e+01   2.3165847e+01   2.3655001e+01   2.4289528e+01   2.5137991e+01   2.6315405e+01   2.8025125e+01
   2.1995718e+01   2.2210018e+01   2.2466729e+01   2.2779044e+01   2.3165847e+01   2.3655001e+01   2.4289528e+01   2.5137991e+01   2.6315405e+01   2.8025125e+01
   2.1995718e+01   2.2210018e+01   2.2466729e+01   2.2779044e+01   2.3165847e+01   2.3655001e+01   2.4289528e+01   2.5137991e+01   2.6315405e+01   2.8025125e+01
   2.1995718e+01   2.2210018e+01   2.2466729e+01   2.2779044e+01   2.3165847e+01   2.3655001e+01   2.4289528e+01   2.5137991e+01   2.6315405e+01   2.8025125e+01
   2.1995718e+01   2.2210018e+01   2.2466729e+01   2.2779044e+01   2.3165847e+01   2.3655001e+01   2.4289528e+01   2.5137991e+01   2.6315405e+01   2.8025125e+01
   7.5000025e+01   7.5000060e+01   7.4999973e+01   7.4999957e+01   7.5000057e+01   7.4999957e+01   7.5000015e+01   7.5000040e+01   7.5000023e+01   7.5000027e+01
   7.5000025e+01   7.5000060e+01   7.4999973e+01   7.4999957e+01   7.5000057e+01   7.4999957e+01   7.5000015e+01   7.5000040e+01   7.5000023e+01   7.5000027e+01
   7.5000025e+01   7.5000060e+01   7.4999973e+01   7.4999957e+01   7.5000057e+01   7.4999957e+01   7.5000015e+01   7.5000040e+01   7.5000023e+01   7.5000027e+01
   7.5000025e+01   7.5000060e+01   7.4999973e+01   7.4999957e+01   7.5000057e+01   7.4999957e+01   7.5000015e+01   7.5000040e+01   7.5000023e+01   7.5000027e+01
   7.5000025e+01   7.5000060e+01   7.4999973e+01   7.4999957e+01   7.5000057e+01   7.4999957e+01   7.5000015e+01   7.5000040e+01   7.5000023e+01   7.5000027e+01
   7.5000025e+01   7.5000060e+01   7.4999973e+01   7.4999957e+01   7.5000057e+01   7.4999957e+01   7.5000015e+01   7.5000040e+01   7.5000023e+01   7.5000027e+01
   7.5000025e+01   7.5000060e+01   7.4999973e+01   7.4999957e+01   7.5000057e+01   7.4999957e+01   7.5000015e+01   7.5000040e+01   7.5000023e+01   7.5000027e+01
   7.5000025e+01   7.5000060e+01   7.4999973e+01   7.4999957e+01   7.5000057e+01   7.4999957e+01   7.5000015e+01   7.5000040e+01   7.5000023e+01   7.5000027e+01
   7.5000025e+01   7.5000060e+01   7.4999973e+01   7.4999957e+01   7.5000057e+01   7.4999957e+01   7.5000015e+01   7.5000040e+01   7.5000023e+01   7.5000027e+01
   7.5000025e+01   7.5000060e+01   7.4999973e+01   7.4999957e+01   7.5000057e+01   7.4999957e+01   7.5000015e+01   7.5000040e+01   7.5000023e+01   7.5000027e+01
   7.5000025e+01   7.5000060e+01   7.4999973e+01   7.4999957e+01   7.5000057e+01   7.4999957e+01   7.5000015e+01   7.5000040e+01   7.5000023e+01   7.5000027e+01
   7.5000025e+01   7.5000060e+01   7.4999973e+01   7.4999957e+01   7.5000057e+01   7.4999957e+01   7.5000015e+01   7.5000040e+01   7.5000023e+01   7.5000027e+01
   4.3456701e+01   4.3761457e+01   4.4116919e+01   4.4537195e+01   4.5041966e+01   4.5659477e+01   4.6432541e+01   4.7427476e+01   4.8752805e+01   5.0595337e+01
   4.3185032e+01   4.3431848e+01   4.3712385e+01   4.4033913e+01   4.4405718e+01   4.4839682e+01   4.5351870e+01   4.5963048e+01   4.6700327e+01   4.7597190e+01
   4.3456705e+01   4.3761457e+01   4.4116919e+01   4.4537195e+01   4.5041966e+01   4.5659477e+01   4.6432541e+01   4.7427476e+01   4.8752798e+01   5.0595330e+01
   4.3456705e+01   4.3761458e+01   4.4116919e+01   4.4537195e+01   4.5041966e+01   4.5659477e+01   4.6432541e+01   4.7427476e+01   4.8752799e+01   5.0595330e+01
   4.3185032e+01   4.3431847e+01   4.3712385e+01   4.4033913e+01   4.4405718e+01   4.4839682e+01   4.5351870e+01   4.5963048e+01   4.6700327e+01   4.7597190e+01
   4.3456701e+01   4.3761458e+01   4.4116919e+01   4.4537195e+01   4.5041966e+01   4.5659477e+01   4.6432541e+01   4.7427475e+01   4.8752805e+01   5.0595337e+01
   4.3456701e+01   4.3761457e+01   4.4116919e+01   4.4537195e+01   4.5041966e+01   4.5659477e+01   4.6432541e+01   4.7427477e+01   4.8752778e+01   5.0595304e+01
   4.3185032e+01   4.3431848e+01   4.3712385e+01   4.4033913e+01   4.4405718e+01   4.4839682e+01   4.5351869e+01   4.5963045e+01   4.6700379e+01   4.7597259e+01
   4.3456705e+01   4.3761457e+01   4.4116919e+01   4.4537195e+01   4.5041966e+01   4.5659477e+01   4.6432541e+01   4.7427477e+01   4.8752784e+01   5.0595310e+01
   4.3456705e+01   4.3761458e+01   4.4116919e+01   4.4537195e+01   4.5041966e+01   4.5659477e+01   4.6432541e+01   4.7427477e+01   4.8752784e+01   5.0595310e+01
   4.3185032e+01   4.3431847e+01   4.3712385e+01   4.4033913e+01   4.4405718e+01   4.4839682e+01   4.5351869e+01   4.5963045e+01   4.6700379e+01   4.7597259e+01
   4.3456701e+01   4.3761458e+01   4.4116919e+01   4.4537195e+01   4.5041966e+01   4.5659477e+01   4.6432541e+01   4.7427477e+01   4.8752778e+01   5.0595304e+01
   3.9094485e+01   3.9068838e+01   3.9033702e+01   3.8985394e+01   3.8918273e+01   3.8823473e+01   3.8687405e+01   3.8487439e+01   3.8185386e+01   3.7714266e+01
   3.9094485e+01   3.9068838e+01   3.9033702e+01   3.8985394e+01   3.8918273e+01   3.8823473e+01   3.8687405e+01   3.8487438e+01   3.8185389e+01   3.7714269e+01
   4.0594747e+01   4.0743095e+01   4.0921948e+01   4.1141185e+01   4.1414908e+01   4.1763816e+01   4.2220037e+01   4.2833988e+01   4.3688502e+01   4.4924114e+01
   3.9094477e+01   3.9068837e+01   3.9033702e+01   3.8985394e+01   3.8918273e+01   3.8823473e+01   3.8687405e+01   3.8487438e+01   3.8185389e+01   3.7714269e+01
   3.9094487e+01   3.9068837e+01   3.9033702e+01   3.8985394e+01   3.8918273e+01   3.8823473e+01   3.8687405e+01   3.8487439e+01   3.8185386e+01   3.7714266e+01
   4.0594747e+01   4.0743095e+01   4.0921948e+01   4.1141185e+01   4.1414908e+01   4.1763816e+01   4.2220037e+01   4.2833988e+01   4.3688501e+01   4.4924113e+01
   3.9094485e+01   3.9068838e+01   3.9033702e+01   3.8985394e+01   3.8918273e+01   3.8823473e+01   3.8687404e+01   3.8487438e+01   3.8185398e+01   3.7714280e+01
   3.9094485e+01   3.9068838e+01   3.9033702e+01   3.8985394e+01   3.8918273e+01   3.8823473e+01   3.8687404e+01   3.8487438e+01   3.8185396e+01   3.7714277e+01
   4.0594747e+01   4.0743095e+01   4.0921948e+01   4.1141185e+01   4.1414908e+01   4.1763816e+01   4.2220037e+01   4.2833988e+01   4.3688500e+01   4.4924111e+01
   3.9094477e+01   3.9068837e+01   3.9033702e+01   3.8985394e+01   3.8918273e+01   3.8823473e+01   3.8687404e+01   3.8487438e+01   3.8185396e+01   3.7714277e+01
   3.9094487e+01   3.9068837e+01   3.9033702e+01   3.8985394e+01   3.8918273e+01   3.8823473e+01   3.8687404e+01   3.8487438e+01   3.8185398e+01   3.7714280e+01
   4.0594747e+01   4.0743095e+01   4.0921948e+01   4.1141185e+01   4.1414908e+01   4.1763816e+01   4.2220037e+01   4.2833988e+01   4.3688501e+01   4.4924113e+01
